4294967278,131
4294967278,124
4294967278,272
4294967278,121
4294967278,120
4294967278,119
4294967278,118
4294967278,110
4294967278,109
4294967278,107
4294967278,95
4294967278,94
4294967278,84
4294967278,77
4294967278,61
4294967278,233
4294967278,279
4294967278,243
4294967278,22
4294967278,247
4294967278,245
4294967279,273
4294967279,316
4294967279,544
4294967279,88
4294967279,55
4294967279,54
4294967279,51
4294967279,44
4294967279,43
4294967279,40
4294967279,530
4294967279,30
4294967279,29
4294967279,543
4294967279,28
4294967279,538
4294967279,23
4294967279,19
4294967279,294
4294967279,16
4294967279,515
4294967279,545
4294967279,516
4294967279,6
4294967279,5
4294967279,315
4294967279,291
4294967278,82
4294967278,81
4294967278,80
4294967278,373
4294967279,191
4294967278,185
4294967278,188
2292,7
2292,6
2292,5
2292,4
2292,3
2292,2
2292,1
4294967279,137
4294967279,70
4294967279,306
4294967279,535
4294967279,534
4294967278,255
4294967278,252
4294967279,164
2288,4
2288,3
2288,2
2288,1
4294967278,149
2287,6
2287,5
2287,4
2287,3
2287,2
2287,1
2284,6
2284,5
2284,4
2284,3
2284,2
2284,1
4294967294,1422
4294967294,920
4294967278,371
2281,6
2281,5
2281,4
2281,3
2281,2
2281,1
4294967278,232
4294967278,305
4294967278,375
4294967278,204
2278,6
2278,5
2278,4
2278,3
2278,2
2278,1
4294967279,202
4294967278,358
4294967294,1421
4294967279,196
4294967278,195
4294967294,469
4294967278,378
4294967278,177
4294967278,179
2275,5
2275,4
4294967278,178
2275,3
2275,2
2275,1
4294967279,259
2273,4
2273,3
2273,2
2273,1
4294967278,165
2272,5
4294967278,160
2272,4
2272,3
2272,2
2272,1
2270,6
2270,5
2270,4
2270,3
2270,2
2270,1
2269,5
2269,4
2269,3
2269,2
2269,1
2268,5
2268,4
2268,3
2268,2
2268,1
2267,5
2267,4
2267,3
2267,2
2267,1
2266,4
2266,3
2266,2
2266,1
4294967279,324
4294967294,392
4294967294,480
4294967279,313
4294967294,481
4294967278,250
4294967294,425
4294967294,30
4294967294,942
4294967294,941
4294967294,939
4294967294,938
4294967294,933
4294967294,922
4294967294,436
4294967294,158
4294967294,157
4294967294,156
4294967294,155
4294967294,60
4294967294,965
4294967294,964
4294967294,962
4294967294,918
4294967294,914
4294967294,911
4294967294,909
4294967294,907
4294967294,900
4294967294,898
4294967294,401
4294967294,182
4294967294,173
4294967294,170
4294967294,163
4294967294,161
4294967294,12
1762,4
4294967294,11
4294967294,68
4294967279,513
4294967278,128
4294967278,127
4294967278,126
4294967278,125
4294967278,123
4294967278,122
4294967278,114
4294967278,108
4294967278,227
4294967278,106
4294967278,105
4294967278,98
4294967278,96
4294967278,93
4294967278,92
4294967278,91
4294967278,90
4294967278,346
4294967278,83
4294967278,379
4294967278,79
4294967278,78
4294967278,75
4294967278,68
4294967278,67
4294967278,215
4294967278,21
4294967278,260
4294967279,514
4294967279,61
4294967279,32
4294967279,302
4294967279,27
4294967279,349
4294967279,21
4294967279,9
4294967279,4
4294967278,369
4294967294,427
2265,7
2265,6
2265,5
2265,4
2265,2
2265,1
4294967278,418
2261,4
2261,3
2261,2
2261,1
4294967294,176
4294967294,421
2260,6
2260,5
2260,4
2260,3
2260,2
2260,1
4294967278,349
2257,6
2257,5
2257,4
2257,2
2257,1
4294967279,272
4294967279,317
2254,6
2254,5
2254,4
2254,2
2254,1
4294967294,185
4294967294,963
2251,6
2251,5
2251,4
2251,2
2251,1
2248,5
2248,4
2248,3
2248,2
2248,1
4294967279,521
2246,4
2246,3
2246,2
2246,1
4294967294,468
4294967278,189
4294967279,186
2245,5
2245,4
2245,3
2245,2
2245,1
4294967279,295
2243,6
2243,5
4294967279,173
2243,4
2243,3
2243,2
2243,1
4294967278,170
2242,5
2242,4
2242,3
2242,2
2242,1
4294967278,271
2241,5
2241,4
2241,3
2241,2
2241,1
4294967279,157
4294967294,162
4294967294,912
4294967294,905
4294967279,153
2240,5
2240,4
4294967279,150
2240,3
2240,2
2240,1
2239,4
2239,3
2239,2
2239,1
4294967279,312
4294967294,179
4294967294,389
4294967278,115
4294967278,112
4294967278,104
4294967278,99
4294967278,89
4294967278,87
4294967278,86
4294967278,85
4294967278,74
4294967278,65
4294967278,63
4294967278,62
4294967278,341
4294967279,269
4294967279,79
4294967279,268
4294967279,528
4294967279,74
4294967279,69
4294967279,60
4294967279,53
4294967279,532
4294967279,41
4294967279,24
4294967279,22
4294967279,20
4294967279,18
4294967279,260
4294967279,11
4294967278,340
2238,7
2238,6
2238,5
2238,4
2238,2
2238,1
4294967279,247
2234,4
2234,3
2234,2
2234,1
2233,6
2233,5
2233,4
2233,3
2233,2
2233,1
4294967294,1420
2230,6
2230,5
2230,4
2230,2
2230,1
4294967294,479
4294967279,168
4294967278,161
4294967279,162
4294967278,159
4294967279,158
4294967278,157
4294967279,151
4294967278,150
2227,6
2227,5
2227,4
4294967279,147
2227,2
2227,1
4294967278,328
4294967279,301
2224,6
2224,5
2224,4
2224,2
2224,1
4294967278,257
2221,5
2221,4
2221,3
2221,2
2221,1
4294967279,229
2219,4
2219,3
2219,2
2219,1
4294967279,227
4294967294,910
4294967294,449
4294967294,460
4294967278,220
2218,5
4294967278,211
2218,4
2218,3
2218,2
2218,1
2216,6
2216,5
2216,4
2216,3
2216,2
2216,1
4294967278,197
2215,5
4294967278,193
2215,4
2215,3
2215,2
2215,1
4294967279,187
2214,5
2214,4
2214,3
2214,2
2214,1
4294967278,183
4294967279,183
4294967294,478
4294967279,182
2213,5
2213,4
2213,3
2213,2
2213,1
4294967279,177
4294967279,175
2212,4
2212,3
2212,2
2212,1
4294967278,343
4294967278,368
4294967294,946
4294967278,364
4294967278,76
4294967279,310
4294967279,330
4294967279,325
4294967279,311
4294967294,416
4294967294,463
4294967278,136
2211,7
2211,6
2211,5
2211,4
2211,2
2211,1
4294967279,136
4294967279,133
4294967279,277
4294967279,256
4294967278,336
2207,4
2207,3
2207,2
2207,1
4294967294,1426
4294967279,300
4294967278,244
2206,6
2206,5
4294967278,240
2206,4
2206,3
2206,2
2206,1
4294967279,308
4294967279,290
2203,6
2203,5
2203,4
2203,2
2203,1
4294967294,967
4294967279,303
2200,6
2200,5
2200,4
2200,2
2200,1
4294967279,305
4294967278,347
4294967279,163
4294967279,309
2197,6
2197,5
2197,4
2197,2
2197,1
4294967279,152
4294967278,0
4294967279,139
4294967279,138
4294967279,134
2194,5
2194,4
2194,3
2194,2
2194,1
4294967278,269
4294967279,264
4294967279,263
4294967279,262
2192,4
2192,3
2192,2
2192,1
4294967278,258
2191,5
2191,4
2191,3
2191,2
2191,1
2189,6
4294967294,409
4294967294,458
4294967279,245
4294967278,248
4294967278,327
2189,5
4294967278,242
2189,4
2189,3
2189,2
2189,1
2188,5
2188,4
2188,3
2188,2
2188,1
4294967279,299
2187,5
2187,4
2187,3
2187,2
2187,1
4294967278,210
2186,5
2186,4
2186,3
2186,2
2186,1
2185,4
2185,3
2185,2
2185,1
4294967278,217
4294967278,383
4294967278,382
4294967294,419
4294967294,950
4294967294,949
4294967294,921
4294967278,354
4294967278,353
4294967279,377
4294967279,379
4294967279,321
4294967279,304
4294967279,296
4294967278,321
4294967279,156
4294967278,446
2184,7
2184,6
2184,5
2184,4
2184,2
2184,1
2180,4
2180,3
2180,2
2180,1
2179,6
2179,5
2179,4
2179,3
2179,2
2179,1
4294967279,537
4294967279,292
2176,6
2176,5
2176,4
2176,2
2176,1
4294967279,212
2173,6
2173,5
2173,4
2173,2
2173,1
2170,6
2170,5
2170,4
2170,2
2170,1
4294967279,284
2167,5
2167,4
2167,3
2167,2
2167,1
2165,4
4294967278,151
2165,3
2165,2
2165,1
2164,5
2164,4
2164,3
2164,2
2164,1
2162,6
4294967278,356
4294967279,314
2162,5
2162,4
2162,3
2162,2
2162,1
2161,5
2161,4
2161,3
2161,2
2161,1
4294967294,915
2160,5
2160,4
2160,3
2160,2
2160,1
2159,5
2159,4
2159,3
2159,2
2159,1
2158,4
2158,3
2158,2
2158,1
4294967294,385
4294967294,109
4294967294,164
4294967294,114
4294967278,366
4294967278,365
4294967278,337
4294967279,326
4294967278,206
4294967278,374
4294967279,375
2157,7
2157,6
2157,5
2157,4
4294967278,196
2157,2
2157,1
4294967278,326
4294967279,307
4294967279,267
4294967294,390
4294967278,376
4294967278,334
4294967278,370
2153,4
2153,3
2153,2
2153,1
4294967279,383
2152,6
2152,5
2152,4
2152,3
2152,2
2152,1
4294967278,156
4294967294,9
2149,6
2149,5
2149,4
2149,2
2149,1
2146,6
2146,5
2146,4
2146,3
2146,2
2146,1
4294967278,401
4294967279,382
4294967294,180
4294967294,410
4294967294,113
4294967294,960
2143,6
2143,5
2143,4
2143,2
2143,1
4294967278,207
4294967278,201
4294967278,387
4294967278,192
4294967278,187
2140,5
2140,4
2140,3
2140,2
2140,1
2138,4
2138,3
2138,2
2138,1
2137,5
2137,4
2137,3
2137,2
2137,1
4294967279,167
2135,6
2135,5
2135,4
2135,3
2135,2
2135,1
2134,5
2134,4
2134,3
2134,2
2134,1
2133,5
2133,4
2133,3
2133,2
2133,1
2132,5
2132,4
2132,3
2132,2
2132,1
4294967279,135
2131,4
2131,3
2131,2
2131,1
4294967279,381
4294967294,412
4294967294,453
4294967278,352
4294967279,380
4294967279,285
4294967279,293
4294967279,289
2130,7
2130,6
2130,5
2130,4
2130,2
2130,1
4294967279,209
4294967278,205
2126,4
2126,3
2126,2
2126,1
4294967279,194
2125,6
2125,5
2125,4
2125,3
2125,2
2125,1
4294967278,355
4294967279,288
2122,6
2122,5
2122,4
2122,2
2122,1
4294967278,145
4294967278,437
2119,6
2119,5
2119,4
2119,2
2119,1
4294967279,287
2116,6
2116,5
2116,4
2116,2
2116,1
4294967278,329
2113,5
2113,4
2113,3
2113,2
2113,1
2111,4
2111,3
2111,2
2111,1
4294967278,209
4294967278,320
4294967278,208
4294967279,208
2110,5
2110,4
2110,3
2110,2
2110,1
4294967279,201
4294967278,200
4294967278,199
4294967279,197
2108,6
2108,5
4294967278,191
2108,4
2108,3
2108,2
2108,1
4294967278,186
4294967294,1417
2107,5
2107,4
2107,3
2107,2
2107,1
2106,5
2106,4
2106,3
2106,2
2106,1
4294967279,176
4294967278,171
2105,5
2105,4
2105,3
2105,2
2105,1
2104,4
2104,3
2104,2
2104,1
4294967279,281
4294967294,461
4294967294,386
4294967294,112
4294967279,365
4294967279,216
4294967278,345
2103,7
2103,6
2103,5
2103,4
2103,2
2103,1
4294967279,520
2099,4
2099,3
2099,2
2099,1
2098,6
2098,5
2098,4
2098,3
2098,2
2098,1
4294967279,360
2095,6
2095,5
2095,4
2095,2
2095,1
4294967294,966
4294967294,1416
4294967278,184
4294967278,182
4294967279,178
4294967278,176
2092,6
2092,5
2092,4
2092,2
2092,1
4294967279,358
4294967279,276
4294967279,368
2089,6
2089,5
2089,4
2089,2
2089,1
4294967278,403
4294967279,372
4294967279,274
4294967278,344
2086,5
2086,4
2086,3
2086,2
2086,1
2084,4
2084,3
2084,2
2084,1
4294967279,369
2083,5
2083,4
2083,3
2083,2
2083,1
4294967294,414
4294967294,184
4294967294,400
2081,6
2081,5
2081,4
2081,3
2081,2
2081,1
4294967293,131
4294967293,130
4294967293,129
4294967293,128
4294967293,127
4294967293,126
4294967293,125
4294967293,124
4294967293,123
4294967293,122
4294967293,121
4294967293,120
4294967293,119
4294967293,118
4294967293,117
4294967293,116
4294967293,115
4294967293,114
4294967293,113
4294967293,112
4294967293,111
4294967293,110
4294967293,109
4294967293,108
4294967293,107
4294967293,106
4294967293,105
4294967293,104
4294967293,103
4294967293,102
4294967293,101
4294967293,100
4294967293,99
4294967293,98
4294967293,97
4294967293,96
4294967293,95
4294967293,94
4294967293,93
4294967293,92
4294967293,91
4294967293,90
4294967293,89
4294967293,87
4294967293,86
4294967293,85
4294967293,84
4294967293,83
4294967293,82
4294967293,81
4294967293,80
4294967293,79
4294967293,78
4294967293,77
4294967293,76
4294967293,75
4294967293,74
4294967293,73
4294967293,72
4294967293,71
4294967293,70
4294967293,69
4294967293,68
4294967293,67
4294967293,66
4294967293,65
4294967293,64
4294967293,63
4294967293,62
4294967293,61
4294967293,60
4294967293,59
4294967293,58
4294967293,57
4294967293,56
4294967293,55
4294967293,54
4294967293,53
4294967293,52
4294967293,51
4294967293,50
4294967293,49
4294967293,48
4294967293,47
4294967293,46
4294967293,45
4294967293,44
4294967293,43
4294967293,42
4294967293,41
4294967293,40
4294967293,39
4294967293,38
4294967293,37
4294967293,36
4294967293,35
4294967293,34
4294967293,33
4294967293,32
4294967293,31
4294967293,30
4294967293,29
4294967293,28
4294967293,27
4294967293,26
4294967293,25
4294967293,24
4294967293,23
4294967293,22
4294967293,21
4294967293,20
4294967293,19
4294967293,18
4294967293,17
4294967293,16
4294967293,15
4294967293,14
4294967293,13
4294967293,12
4294967293,11
4294967293,10
4294967293,9
4294967293,8
4294967293,7
4294967293,6
4294967293,5
4294967293,4
4294967293,3
4294967278,4
4294967279,131
4294967279,122
4294967279,376
4294967279,374
4294967279,112
4294967279,101
4294967279,96
4294967279,93
4294967279,91
4294967279,47
4294967279,367
4294967279,366
4294967279,359
4294967278,331
2080,5
4294967279,103
2080,4
4294967279,217
2080,3
2080,2
2080,1
2079,5
2079,4
2079,3
2079,2
2079,1
2078,5
2078,4
2078,3
2078,2
2078,1
2077,4
2077,3
2077,2
2077,1
4294967279,362
4294967278,330
4294967278,325
4294967278,323
4294967278,88
2076,7
2076,6
2076,5
2076,4
2076,2
2076,1
4294967278,445
2072,4
2072,3
2072,2
2072,1
4294967279,363
4294967278,174
4294967278,444
2071,6
2071,5
2071,4
2071,3
2071,2
2071,1
4294967278,6
4294967294,119
4294967278,11
4294967278,9
4294967279,132
4294967279,130
4294967279,129
4294967278,441
4294967278,440
4294967279,124
2068,6
2068,5
2068,4
2068,2
2068,1
4294967279,111
4294967279,119
4294967279,105
4294967294,120
4294967279,102
4294967279,364
2065,6
2065,5
2065,4
2065,2
2065,1
4294967279,92
4294967279,203
4294967279,82
2062,6
2062,5
2062,4
2062,2
2062,1
4294967279,370
4294967294,1423
4294967294,424
2059,5
2059,4
2059,3
2059,2
2059,1
0,5
4294967279,155
2057,4
2057,3
2057,2
2057,1
4294967294,5
4294967294,81
4294967294,50
4294967279,0
4294967294,38
4294967294,37
4294967294,36
4294967294,39
4294967294,388
4294967294,1
4294967294,89
4294967294,917
2056,5
2056,4
2056,3
2056,2
2056,1
4294967294,40
4294967294,22
4294967294,17
4294967294,99
4294967294,76
4294967294,41
4294967294,107
4294967294,67
4294967294,46
4294967294,417
4294967294,970
4294967294,7
4294967294,6
4294967294,94
4294967294,93
4294967294,96
4294967294,95
4294967294,8
0,7
4294967294,43
4294967294,53
4294967294,52
4294967294,437
4294967294,51
4294967294,92
4294967294,91
4294967294,90
4294967294,88
4294967294,87
4294967294,86
4294967294,85
4294967294,84
4294967294,973
4294967294,82
4294967294,42
4294967294,1414
4294967294,83
4294967294,44
4294967294,904
4294967294,186
4294967294,27
4294967294,26
4294967294,2
4294967294,45
4294967294,25
4294967294,0
4294967294,903
4294967294,29
4294967294,28
2054,6
2054,5
2054,4
2054,3
2054,2
2054,1
4294967294,444
4294967294,118
2053,5
2053,4
2053,3
2053,2
2053,1
2052,5
4294967278,278
2052,4
2052,3
2052,2
2052,1
2051,5
2051,4
2051,3
2051,2
2051,1
4294967278,253
2050,4
2050,3
2050,2
2050,1
4294967279,566
4294967279,246
4294967278,292
4294967278,303
4294967279,574
4294967278,432
4294967278,429
4294967278,438
4294967279,114
4294967279,110
4294967279,107
4294967279,322
4294967279,85
4294967279,371
4294967278,439
2049,7
2049,6
2049,5
2049,4
2049,2
2049,1
4294967278,286
4294967279,357
2045,4
2045,3
2045,2
2045,1
4294967278,436
2044,6
2044,5
2044,4
2044,3
2044,2
2044,1
4294967278,386
4294967278,144
4294967279,355
4294967278,135
2041,6
2041,5
2041,4
2041,2
2041,1
4294967294,189
4294967294,397
4294967278,434
4294967279,563
4294967278,339
2038,6
2038,5
2038,4
2038,2
2038,1
4294967279,249
4294967279,248
4294967278,433
4294967279,100
4294967279,109
4294967279,327
4294967279,106
4294967279,221
4294967279,219
4294967278,218
4294967278,216
2035,6
2035,5
2035,4
2035,2
2035,1
4294967279,90
4294967279,204
4294967278,430
4294967279,193
2032,5
2032,4
2032,3
2032,2
2032,1
4294967279,184
2030,4
2030,3
2030,2
2030,1
2029,5
2029,4
2029,3
2029,2
2029,1
2027,6
4294967278,414
2027,5
2027,4
2027,3
2027,2
2027,1
2026,5
2026,4
2026,3
2026,2
2026,1
2025,5
2025,4
2025,3
2025,2
2025,1
2024,5
2024,4
2024,3
2024,2
2024,1
4294967278,134
2023,4
2023,3
2023,2
2023,1
4294967278,348
4294967279,356
4294967278,342
4294967278,422
4294967278,424
4294967278,420
4294967278,8
4294967279,123
4294967279,116
4294967279,353
4294967279,89
4294967279,83
4294967279,352
4294967279,128
4294967279,121
2022,7
2022,6
2022,5
2022,4
2022,2
2022,1
4294967278,431
4294967278,428
4294967278,214
4294967278,412
2018,4
2018,3
2018,2
2018,1
4294967278,190
2017,6
2017,5
2017,4
2017,3
2017,2
2017,1
2014,6
2014,5
2014,4
2014,2
2014,1
4294967279,569
4294967294,902
4294967279,373
2011,6
2011,5
2011,4
2011,2
2011,1
4294967279,270
4294967278,324
4294967278,265
4294967278,7
4294967294,108
4294967279,527
4294967278,5
2008,6
4294967279,519
2008,5
2008,4
2008,2
2008,1
4294967279,126
4294967279,117
4294967278,426
4294967279,125
4294967279,250
4294967279,347
2005,5
2005,4
2005,3
2005,2
2005,1
4294967279,213
2003,4
2003,3
2003,2
2003,1
4294967279,320
2002,5
2002,4
2002,3
2002,2
2002,1
2000,6
2000,5
2000,4
2000,3
2000,2
2000,1
4294967279,185
1999,5
4294967279,180
1999,4
1999,3
1999,2
1999,1
4294967278,173
1998,5
1998,4
1998,3
1998,2
1998,1
1997,5
1997,4
1997,3
1997,2
1997,1
1996,4
1996,3
1996,2
1996,1
4294967294,465
4294967278,415
4294967278,423
4294967278,421
4294967279,337
4294967278,417
4294967278,413
4294967278,411
4294967278,351
4294967278,410
4294967279,127
4294967279,115
4294967279,113
4294967279,104
4294967279,99
4294967279,97
4294967279,95
4294967279,336
4294967279,346
4294967278,419
1995,7
1995,6
1995,5
1995,4
1995,2
1995,1
4294967279,529
4294967278,350
4294967278,338
4294967278,394
4294967279,540
4294967279,241
4294967279,239
1991,4
1991,3
1991,2
1991,1
4294967279,523
4294967278,222
4294967279,215
1990,6
1990,5
1990,4
1990,3
1990,2
1990,1
4294967279,98
4294967279,205
4294967279,206
4294967279,350
4294967279,86
1987,6
1987,5
1987,4
1987,2
1987,1
4294967294,413
4294967294,384
4294967294,116
4294967294,457
4294967294,451
4294967294,450
4294967278,416
4294967278,168
1984,6
1984,5
1984,4
1984,2
1984,1
4294967294,1424
4294967278,294
1981,6
1981,5
4294967279,141
1981,4
1981,2
1981,1
1978,5
1978,4
1978,3
1978,2
1978,1
1976,4
1976,3
1976,2
1976,1
4294967279,517
1975,5
1975,4
1975,3
1975,2
1975,1
4294967278,409
4294967279,233
4294967294,961
4294967279,231
1973,6
4294967294,405
1973,5
1973,4
1973,3
1973,2
1973,1
1972,5
1972,4
1972,3
1972,2
1972,1
1971,5
1971,4
1971,3
1971,2
1971,1
4294967279,199
1970,5
1970,4
1970,3
1970,2
1970,1
1969,4
1969,3
1969,2
1969,1
4294967278,408
4294967278,407
4294967279,334
4294967279,342
4294967279,120
4294967279,118
4294967279,87
4294967279,338
4294967278,164
1968,7
1968,6
1968,5
1968,4
1968,2
1968,1
4294967278,404
4294967278,406
4294967279,142
4294967278,142
4294967278,140
4294967279,220
1964,4
1964,3
1964,2
1964,1
4294967294,175
1963,6
1963,5
1963,4
1963,3
1963,2
1963,1
4294967279,298
1960,6
4294967279,237
1960,5
1960,4
1960,2
1960,1
4294967278,230
4294967279,225
4294967279,223
4294967279,512
4294967278,212
4294967279,211
1957,6
4294967278,202
1957,5
1957,4
1957,2
1957,1
4294967278,402
4294967278,400
4294967279,192
4294967279,189
4294967279,332
4294967278,181
1954,6
1954,5
1954,4
1954,2
1954,1
4294967279,230
4294967279,343
4294967278,256
4294967278,172
4294967279,171
4294967278,167
4294967279,165
4294967278,166
4294967279,340
4294967278,163
4294967278,162
4294967279,161
4294967279,378
4294967278,158
1951,5
4294967278,152
1951,4
1951,3
1951,2
1951,1
4294967279,146
1949,4
1949,3
1949,2
1949,1
4294967278,143
4294967278,335
4294967278,139
4294967278,138
4294967278,133
1948,5
1948,4
1948,3
1948,2
1948,1
4294967278,315
4294967278,276
4294967278,288
4294967279,283
4294967279,279
4294967278,274
4294967294,454
4294967294,111
4294967278,273
4294967279,328
4294967278,270
1946,6
1946,5
4294967278,281
1946,4
1946,3
1946,2
1946,1
4294967278,284
4294967278,262
1945,5
1945,4
1945,3
1945,2
1945,1
4294967278,332
1944,5
4294967279,542
